512
637
316
553
314
419
301
509
898
264
622
465
717
862
234
408
103
950
548
930
947
708
257
704
904
892
508
666
574
133
785
87
282
862
302
789
229
462
807
538
732
320
674
690
892
839
490
841
996
486
183
163
968
612
566
866
794
965
885
321
539
500
434
39
819
688
701
69
174
940
130
131
288
892
515
448
57
301
926
145
196
484
747
836
693
26
257
917
601
982
865
17
67
811
210
425
460
67
847
505
Sorted data: 
17
26
39
57
67
67
69
87
103
130
131
133
145
163
174
183
196
210
229
234
257
257
264
282
288
301
301
302
314
316
320
321
408
419
425
434
448
460
462
465
484
486
490
500
505
508
509
512
515
538
539
548
553
566
574
601
612
622
637
666
674
688
690
693
701
704
708
717
732
747
785
789
794
807
811
819
836
839
841
847
862
862
865
866
885
892
892
892
898
904
917
926
930
940
947
950
965
968
982
996
